430692
430691
430690
430689
430688
430687
430686
430685
430684
430683
430682
430681
430680
430679
430678
430677
430676
430675
430674
430673
430672
430671
430670
430669
430668
416071
439625
439622
439618
439608
439603
439590
439583
439579
439572
439567
434958
434957
434956
434955
434954
434953
434952
434951
430895
430894
430892
430876
430862
430854
430851
430842
430833
430827
430823
430820
439532
439520
439504
439475
439470
439460
439456
439447
439435
439429
439426
439418
439413
439410
439399
439396
439390
439385
435337
417931
439355
439346
439335
439333
439326
439315
439306
439302
439290
439286
439279
439268
439263
439249
439246
439232
435888
435887
435886
435885
435884
435883
435882
435881
435880
435879
435878
435877
435876
435875
435874
435873
435872
435871
435870
435869
435868
435867
435866
435865
435864
435863
435861
435859
435857
435856
435854
435852
435850
435849
435848
435846
435844
435842
435841
398870
398775
430540
430539
430533
430520
430519
430510
430503
430496
430486
430483
430477
430460
438176
438175
438171
438170
438168
438166
438163
438159
438157
438155
438152
438149
438142
438140
438133
438130
438124
438119
438112
438102
438086
438063
438053
438045
438034
438013
437970
437965
437931
437920
437909
437906
437899
437868
437863
438452
438450
438434
438432
438430
438427
438414
438410
438406
438403
438392
438389
438384
438379
438376
438373
437818
437808
437797
437786
437782
437780
437778
437771
437768
437758
437750
437743
437741
437739
437732
437728
437721
437716
437707
437702
437690
437681
437670
437661
437653
438341
438329
438324
438323
438313
438311
438310
438308
438307
438305
438296
438291
438281
438270
438263
438262
438261
438256
438247
438240
438231
438227
438223
438219
438218
438213
438208
430652
430642
430628
430619
430609
430601
430592
430588
430583
430578
430813
430811
430809
430779
430776
430772
430768
430755
430750
430747
430736
439186
439183
439178
439172
439168
439167
439165
439160
439156
439155
439153
439152
439150
439146
439142
439141
439140
439138
439131
439128
439125
405393
405185
438930
438925
438921
438918
438915
438911
438906
438889
438883
438877
438867
438857
438851
438822
438818
438801
438796
438790
438782
438778
438776
438763
439097
439081
439076
439074
439071
439051
439048
439033
439026
439016
439010
439002
438985
438980
438963
438960
437642
437640
437614
437604
437594
437585
437577
437576
437572
437563
437559
437548
437535
437530
437516
437508
437497
437494
437491
437477
437470
425506
425443
438584
438574
438568
438566
438563
438556
438533
438530
438528
438512
438493
438482
438476
438469
438722
438710
438708
438699
438691
438680
438664
438653
438639
438633
438625
438624
438621
439717
439702
439694
439691
439683
439679
439663
439659
439653
439650
436004
436003
436002
436001
436000
435999
435998
435997
435996